camera_matrix:
- - 1428.2867565905003
  - 0.0
  - 654.9184738628243
- - 0.0
  - 1429.0534282389888
  - 346.29205463942026
- - 0.0
  - 0.0
  - 1.0
dist_coeff:
- - -0.033151783962287906
  - 0.5187599910332656
  - -0.00044364749907454214
  - -0.0005129819941167972
  - -1.1977297848705892
inverse_newcam_mtx:
- - 0.0006969853596489548
  - 0.0
  - -0.4560420215129852
- - 0.0
  - 0.0006999886439830584
  - -0.24233849346637726
- - 0.0
  - 0.0
  - 1.0
new_camera_mtx:
- - 1434.7503662109375
  - 0.0
  - 654.3064573733318
- - 0.0
  - 1428.5946044921875
  - 346.2034642268318
- - 0.0
  - 0.0
  - 1.0
roi:
- 1
- 2
- 1279
- 716
